Matriz 1
8 0 0 7 5 1 3 9 3 9 9 6 1 5 9 7 2 4 1 6 8 5 0 9 4 0 9 4 7 2 3 5 9 3 5 1 8 0 2 5 
1 4 3 2 3 0 8 8 0 2 2 3 1 2 4 1 3 8 9 9 7 4 8 5 4 7 0 1 6 8 2 9 9 4 0 4 6 5 4 6 
7 9 6 4 7 6 4 8 6 4 1 7 1 3 5 8 2 4 2 4 3 2 7 2 8 2 9 8 6 0 0 5 9 3 2 3 9 4 9 6 
5 2 2 8 3 1 0 7 0 4 4 9 5 4 3 5 1 6 9 3 9 7 2 4 2 6 7 2 2 9 1 8 6 7 6 0 8 9 7 7 
3 7 3 4 9 4 2 5 1 7 9 7 9 2 2 9 8 6 9 9 8 2 0 1 6 3 0 6 8 2 3 6 2 2 7 3 7 7 7 3 
1 2 0 5 2 3 0 8 5 6 6 1 0 5 2 7 8 9 0 1 3 1 7 0 4 9 1 6 3 4 4 3 3 5 8 0 6 8 1 6 
8 7 7 6 0 0 2 1 7 2 9 8 4 9 8 4 4 1 1 5 7 0 1 8 4 6 5 2 3 8 3 3 0 1 1 5 6 4 0 9 
8 1 2 7 0 1 2 3 9 5 5 5 7 0 7 5 7 2 3 6 7 9 4 5 8 9 1 6 9 8 0 3 3 0 5 4 8 5 7 1 
0 3 7 4 0 4 0 1 3 4 9 4 3 3 1 9 5 7 4 3 9 8 7 7 2 0 3 1 5 8 9 9 2 2 3 4 7 4 3 4 
6 8 0 7 8 3 7 7 5 9 9 3 7 2 1 7 4 9 9 3 4 8 0 4 8 6 8 5 9 7 7 3 4 7 3 6 8 3 3 8 
3 9 8 1 4 2 7 5 2 0 7 7 2 8 1 9 5 0 6 3 3 4 3 6 5 2 5 0 3 7 9 2 6 0 7 5 3 4 2 3 
9 4 9 5 6 2 0 3 2 9 1 3 7 2 0 0 6 7 2 2 7 7 4 6 3 9 1 0 9 1 9 0 8 4 4 1 7 2 8 1 
5 0 6 8 5 9 3 3 1 5 9 8 7 0 1 2 6 9 7 3 9 0 4 9 6 1 4 4 5 1 1 7 0 4 7 2 0 5 1 2 
1 5 8 1 8 1 8 3 0 9 7 7 0 5 7 1 4 8 0 5 3 2 1 3 4 0 9 2 0 3 8 0 5 4 7 8 1 4 7 6 
4 5 5 5 7 9 5 7 9 0 4 0 0 1 6 1 6 6 3 1 1 8 1 4 1 8 7 4 7 9 6 5 8 6 4 6 1 9 3 4 
9 2 7 8 7 7 9 9 6 0 9 0 2 7 4 3 8 2 6 1 7 0 2 5 6 1 3 8 5 4 8 3 5 5 8 8 6 6 9 9 
8 5 8 0 2 2 7 3 6 9 9 4 7 8 3 5 2 6 7 3 6 2 6 8 5 8 6 2 4 3 2 2 3 7 8 0 1 7 1 1 
5 3 6 1 0 1 8 9 3 4 2 7 1 4 5 2 8 8 7 7 7 3 6 8 4 5 0 1 2 8 4 1 0 1 2 8 2 6 6 0 
9 8 1 5 8 4 6 9 7 5 3 0 6 6 5 5 6 6 5 4 4 0 4 8 2 7 8 3 8 0 1 7 1 9 6 5 2 3 7 4 
7 6 0 3 4 1 2 6 6 3 9 8 5 2 9 3 7 7 5 8 7 8 3 5 1 8 8 9 2 8 0 0 8 9 1 5 0 0 9 8 
4 8 5 8 0 3 5 2 5 8 9 5 9 8 2 4 4 3 3 1 2 8 9 2 1 3 5 6 7 5 2 8 7 9 6 8 6 0 8 4 
6 6 7 9 0 4 0 2 9 0 4 8 8 0 6 0 2 7 1 6 5 3 8 6 9 5 9 5 8 6 5 0 4 1 0 7 0 3 0 8 
8 6 1 8 2 8 2 6 0 5 8 7 7 9 2 1 5 1 2 8 6 3 6 8 9 8 7 8 9 7 9 4 8 3 7 6 9 5 3 4 
8 4 3 2 3 7 0 0 1 1 7 4 1 6 4 0 8 8 0 9 4 1 0 4 8 3 5 8 9 2 7 6 1 0 1 1 8 1 7 3 
1 7 6 6 2 4 4 7 9 3 1 7 9 1 3 6 4 4 3 1 2 5 7 6 5 8 6 7 5 5 6 7 0 4 6 1 2 8 2 8 
6 6 6 1 6 2 2 5 6 0 6 1 9 0 6 0 8 0 2 0 9 2 4 6 7 5 9 4 0 3 6 4 4 3 5 8 8 8 1 7 
3 6 2 5 9 2 5 5 0 8 4 4 9 6 9 1 5 0 2 2 4 0 3 3 5 3 9 1 2 1 3 8 4 1 6 0 0 4 7 2 
0 2 5 2 6 2 2 0 1 3 7 0 6 7 3 8 7 6 9 1 7 6 6 8 2 7 6 1 3 8 0 1 9 1 1 5 9 1 3 8 
2 7 5 3 0 7 2 9 0 4 8 3 5 8 6 4 1 0 3 7 1 8 6 6 2 0 2 0 1 8 6 8 7 6 6 7 9 0 5 5 
9 9 1 2 2 2 6 9 3 9 1 8 4 0 8 8 3 2 2 1 1 5 7 5 2 1 4 7 9 8 5 9 8 9 1 1 7 2 5 9 
7 4 4 9 1 5 8 9 9 3 0 6 2 6 1 6 1 9 4 1 0 6 5 0 6 8 1 6 6 3 3 7 4 0 8 8 4 2 4 6 
0 8 3 8 1 8 5 1 5 2 7 8 9 3 8 6 5 2 3 0 4 2 0 5 8 2 4 9 3 1 3 2 4 1 7 5 7 6 3 3 
4 9 0 4 4 9 2 9 7 5 9 9 0 3 0 7 8 2 0 6 3 5 0 4 9 6 4 4 1 0 9 7 7 8 8 3 5 0 4 4 
0 6 8 1 3 5 0 1 4 8 9 9 1 1 9 6 8 5 5 2 0 2 1 2 9 5 4 5 5 7 5 6 8 4 2 4 5 6 6 6 
3 7 7 6 1 1 1 4 1 3 8 7 7 3 4 2 3 6 3 7 0 3 8 1 9 4 5 2 6 9 6 9 2 4 2 4 2 8 7 1 
8 6 8 3 5 9 7 6 8 8 5 9 3 8 9 1 7 6 9 4 3 9 5 3 8 8 6 1 4 4 2 4 5 9 3 2 7 0 1 8 
6 5 3 4 9 5 6 5 3 0 9 6 0 3 3 2 1 5 5 6 0 2 5 9 5 9 6 7 8 9 6 3 1 8 0 5 0 6 8 5 
1 9 4 5 2 5 9 0 9 9 5 1 7 2 7 8 6 7 8 4 2 1 1 4 4 4 1 9 5 5 4 4 4 5 7 5 3 0 2 9 
9 8 0 4 4 3 4 0 0 6 9 8 4 1 7 4 7 3 5 7 7 9 0 7 9 2 8 2 3 2 5 2 4 2 5 2 3 1 4 8 
3 3 2 8 1 9 9 3 8 6 8 1 1 9 2 1 9 8 3 8 9 5 2 4 6 8 3 1 5 4 2 4 3 3 3 4 2 3 1 7 

Matriz 2
9 5 1 1 5 6 1 5 0 2 8 8 9 2 1 7 8 3 1 6 9 4 4 5 8 6 6 0 2 8 1 8 2 2 9 6 6 8 1 8 
5 0 1 0 4 8 8 7 1 7 3 2 3 3 8 6 8 7 1 4 0 5 3 0 7 9 1 3 4 1 9 7 9 0 4 8 1 4 0 0 
3 9 1 3 2 1 7 3 5 7 0 7 2 7 9 4 9 9 0 9 0 7 3 5 6 1 1 2 1 1 0 4 1 2 9 7 6 8 6 9 
8 6 0 8 0 3 6 2 3 2 7 4 5 6 0 0 9 5 7 2 4 2 7 2 8 6 7 3 9 8 7 2 7 8 2 5 0 3 3 1 
4 1 0 6 5 0 4 9 4 9 9 9 6 8 2 5 9 1 2 0 3 0 9 3 0 7 2 1 1 0 1 1 4 1 2 7 8 9 1 5 
8 3 9 0 7 5 9 3 2 4 2 6 1 9 0 5 9 0 4 4 6 5 9 2 9 0 0 3 4 7 1 5 2 5 8 1 1 3 9 7 
5 1 6 1 0 6 3 7 9 5 2 6 7 7 7 8 3 2 7 3 7 1 3 8 3 6 4 1 3 3 4 7 4 1 8 1 5 9 5 5 
5 5 5 7 7 3 4 2 4 2 0 1 0 8 1 5 8 9 9 3 9 1 2 5 0 3 7 0 8 6 5 9 5 8 6 4 3 4 0 7 
0 3 9 6 4 2 7 5 1 8 8 7 9 2 4 3 2 4 3 6 7 1 9 0 3 1 4 6 4 6 9 6 8 8 7 3 2 4 3 5 
6 9 1 5 5 9 4 1 9 8 3 6 8 0 8 0 7 6 7 9 6 3 7 7 3 7 9 7 7 3 6 1 4 5 0 0 6 1 8 1 
6 4 6 7 1 1 5 3 4 5 6 5 1 5 9 6 8 3 2 2 5 2 1 7 8 2 2 9 0 6 6 5 5 2 5 2 1 6 0 9 
7 6 6 4 2 6 7 6 3 1 4 4 7 1 7 9 4 8 4 9 7 9 0 8 5 6 2 0 2 1 1 6 9 0 8 3 8 3 8 4 
2 8 1 8 1 7 0 3 9 5 7 7 3 8 4 9 4 3 8 3 2 4 5 6 5 5 2 3 7 8 5 9 7 9 7 8 4 4 4 9 
4 7 1 3 2 1 1 0 7 7 4 9 2 2 8 0 8 2 9 0 8 1 5 1 5 1 8 9 8 9 7 2 8 7 1 0 0 3 9 1 
7 3 7 7 8 5 9 3 3 8 0 8 4 9 7 0 6 3 3 3 0 9 8 0 6 6 0 9 7 3 0 3 1 3 9 8 5 4 3 4 
4 6 8 4 7 4 2 7 7 2 7 0 9 7 3 4 6 7 0 4 8 6 9 8 6 7 3 7 5 9 9 8 8 4 8 8 8 1 2 7 
2 3 5 3 6 2 8 5 0 4 9 5 1 8 0 3 0 0 8 9 8 3 5 2 7 4 3 5 2 9 1 5 8 1 3 4 4 9 8 7 
1 4 7 0 5 2 3 1 9 3 7 5 7 3 7 2 7 5 0 9 1 5 3 0 3 6 3 3 7 9 0 4 2 7 1 9 1 8 4 0 
6 9 1 3 3 4 5 6 0 1 3 5 8 3 8 4 4 9 1 6 8 0 9 3 3 5 7 5 1 3 5 8 5 9 4 3 5 8 4 9 
1 8 1 8 5 6 1 4 5 5 8 4 3 2 6 7 2 8 2 0 2 9 6 1 8 3 8 4 1 1 4 9 7 3 8 8 3 5 5 3 
7 4 7 9 9 2 5 3 1 6 4 1 7 1 7 8 4 1 3 5 4 9 0 4 1 3 8 4 5 9 1 8 3 2 0 1 6 8 5 1 
7 3 3 4 7 2 4 8 1 7 0 2 1 6 5 4 6 2 8 1 2 6 7 7 8 3 5 7 8 6 6 7 9 6 8 5 3 9 9 1 
5 9 4 9 4 7 8 7 8 0 2 8 1 0 0 0 8 6 0 6 6 9 1 8 3 7 8 7 9 1 8 5 7 0 1 4 1 6 3 4 
5 5 4 4 9 5 3 8 5 8 7 8 9 6 3 2 6 3 2 6 6 4 3 3 5 7 8 6 4 4 4 7 6 3 1 5 2 0 5 8 
6 8 5 8 0 9 0 7 9 0 4 1 8 8 6 6 6 1 2 5 5 7 4 8 9 6 5 7 0 9 4 1 4 5 5 9 8 9 4 7 
8 4 3 1 6 2 2 4 9 2 1 8 1 3 0 4 8 6 1 8 2 2 8 2 6 6 8 0 6 8 6 7 4 8 3 4 1 2 5 0 
2 5 3 2 9 6 6 9 8 7 6 2 2 0 3 5 7 0 5 2 5 1 5 6 3 9 7 1 8 3 4 1 8 6 3 0 0 6 7 3 
5 1 6 9 6 9 1 6 3 7 3 9 4 3 9 3 3 2 1 5 5 1 9 8 1 1 7 2 0 6 6 7 0 0 4 0 4 8 9 5 
5 9 0 8 3 2 0 3 2 1 1 8 5 8 6 9 3 6 5 5 4 3 7 7 0 0 4 9 8 7 4 8 8 2 3 7 5 6 8 9 
7 3 2 4 2 9 2 5 5 9 7 2 0 9 5 9 0 6 7 6 5 0 6 2 5 5 9 8 8 0 8 0 4 2 0 2 8 6 0 7 
2 1 1 5 9 9 5 8 8 2 4 9 9 7 7 8 2 5 0 7 8 0 6 6 5 7 5 4 4 9 2 5 8 0 3 0 6 9 5 1 
6 2 6 9 3 6 7 2 2 6 2 1 1 3 9 8 6 1 0 6 1 1 4 6 0 7 2 5 2 1 7 0 4 7 4 3 7 7 2 1 
7 8 0 5 5 9 3 6 3 4 0 6 6 3 9 4 8 0 6 4 7 6 6 9 2 8 5 4 0 3 9 7 0 7 6 2 8 5 6 6 
2 5 3 1 1 4 2 9 1 5 1 4 1 8 6 0 2 8 6 8 7 2 6 8 2 9 4 7 7 6 3 5 3 3 6 2 8 8 0 6 
1 7 2 4 6 6 7 9 0 3 9 3 3 4 0 7 9 1 4 5 8 2 7 9 6 7 1 5 6 2 3 1 7 7 2 4 8 0 2 9 
5 6 9 5 4 3 9 1 1 2 3 7 7 2 9 0 0 7 9 6 4 2 5 3 1 3 7 9 1 4 5 1 2 6 3 8 3 4 3 9 
6 3 8 9 8 3 1 3 6 8 4 9 8 1 3 0 7 6 9 6 3 6 7 0 1 6 7 6 3 1 1 0 8 8 6 0 9 5 7 3 
6 7 7 2 6 0 9 0 9 9 6 7 9 5 0 8 9 2 4 0 2 1 3 2 3 0 5 0 4 4 5 2 1 5 1 9 8 6 4 6 
5 2 0 7 9 8 7 1 7 9 3 2 1 8 0 9 5 9 8 9 2 4 1 2 3 8 0 4 3 1 9 2 5 1 1 5 1 5 8 3 
0 3 6 6 0 9 1 5 7 6 0 4 4 6 7 5 5 2 8 6 9 8 9 2 2 7 1 6 2 9 6 1 5 8 3 4 2 4 9 9 

Resultado 2
919 917 713 1008 934 885 710 863 794 923 777 921 917 821 935 811 1097 701 813 833 972 750 966 874 743 971 914 882 814 921 796 855 950 819 819 698 844 929 853 896 
858 864 655 885 764 833 705 755 809 806 586 853 753 796 907 831 924 803 705 866 784 704 835 715 612 894 887 782 719 739 815 834 809 763 689 754 788 1003 751 808 
949 936 783 992 946 992 863 923 890 961 732 982 917 876 912 890 1198 836 788 957 937 832 1018 872 756 1028 845 799 771 865 925 884 967 804 913 851 866 1051 935 950 
971 958 702 941 896 893 801 847 854 963 774 860 837 857 869 944 1130 836 849 935 916 723 957 826 747 1023 930 800 885 882 887 824 962 932 745 762 905 1003 850 891 
932 993 749 1047 910 898 837 858 862 945 919 972 947 966 965 1046 1110 876 783 958 914 760 1036 867 830 951 842 871 742 961 862 959 1036 827 836 928 957 1082 892 1022 
686 741 681 747 727 677 659 661 763 703 663 793 658 710 619 622 926 619 626 792 810 535 843 656 625 746 742 703 740 867 732 648 772 722 545 614 665 778 673 708 
818 812 707 833 715 774 719 727 760 885 751 914 809 748 892 781 928 717 691 825 814 706 841 611 802 806 814 818 702 863 756 749 901 705 743 723 692 840 751 857 
977 950 750 1037 897 874 766 815 798 905 824 966 882 892 802 911 987 797 813 949 854 769 1000 799 857 862 933 899 828 945 886 913 980 824 830 858 847 986 882 946 
803 838 729 897 835 781 793 770 773 844 722 820 782 799 893 816 928 740 644 894 800 699 833 762 734 828 803 903 762 846 790 755 941 702 668 690 767 944 791 820 
1059 1056 844 1069 988 1084 853 1092 1043 1070 950 1129 1097 1095 1135 1061 1230 964 984 1096 1132 743 1259 1003 919 1181 1083 1036 979 1179 1049 1044 1192 1031 937 941 987 1266 990 1122 
785 825 609 741 763 805 766 871 754 787 718 833 791 826 868 874 951 726 666 786 896 608 823 789 778 852 757 769 657 771 797 798 945 646 747 704 782 899 726 907 
836 887 469 812 869 784 682 772 789 807 684 980 820 805 746 804 1018 765 707 965 780 683 856 754 725 889 813 706 770 875 690 845 873 706 680 738 768 951 854 776 
820 901 694 830 730 741 790 761 715 744 803 852 803 814 787 841 1005 646 591 873 829 652 798 802 753 799 738 702 688 874 624 801 804 712 684 742 738 926 755 931 
699 772 608 727 778 826 809 784 837 885 680 860 767 778 916 763 937 687 719 831 786 631 787 743 686 904 690 731 649 704 657 624 785 599 662 690 727 916 783 790 
896 804 746 784 905 807 910 885 755 968 724 995 775 999 831 881 1046 713 784 881 877 559 1064 745 764 870 821 793 829 902 854 835 858 824 803 793 781 1061 809 945 
1002 972 858 1070 973 984 961 967 888 1048 899 1163 997 1127 990 1015 1198 836 958 1036 1166 696 1124 918 867 1000 942 954 804 1119 931 938 998 892 900 845 931 1225 961 1217 
868 1020 678 792 816 838 776 885 908 906 808 1007 887 812 917 870 1128 785 668 933 941 674 909 886 836 924 901 824 838 926 834 930 925 801 789 775 813 968 793 965 
809 833 685 751 802 744 784 692 764 768 693 849 785 779 784 786 833 823 686 897 807 652 718 641 710 775 858 721 709 766 688 826 809 631 671 758 705 920 730 823 
886 931 726 905 937 884 857 918 843 965 859 1032 872 947 847 885 1136 836 816 963 982 640 1047 810 764 1045 895 849 913 991 906 950 1015 876 810 877 770 1023 812 985 
948 901 764 958 954 999 842 972 815 1026 809 982 799 934 1007 921 1025 872 872 1010 974 813 1037 841 855 1057 936 901 848 983 954 1027 978 808 885 836 774 1099 907 978 
967 1014 719 1024 830 1012 896 909 862 990 759 1043 792 902 1050 872 1126 892 951 1035 972 739 1031 978 835 1047 919 1031 938 940 1063 899 1086 881 856 775 815 1054 941 984 
818 925 703 906 743 898 779 832 820 778 737 950 834 812 882 841 952 746 662 891 808 790 896 738 824 846 841 788 787 935 791 860 907 747 787 859 655 962 823 917 
1146 1143 804 1162 1052 1154 899 1034 1031 1025 944 1230 1000 1022 1053 1088 1287 886 980 1060 1145 846 1154 1026 1011 1099 1159 1022 966 1143 1024 1039 1180 952 911 868 963 1164 1087 1117 
736 686 600 806 778 755 610 659 696 759 698 861 695 735 776 788 848 588 570 792 694 634 789 594 719 714 682 708 559 822 583 690 793 561 664 652 630 922 828 714 
834 898 773 915 838 929 855 920 911 905 760 952 830 930 832 929 1063 800 726 959 905 683 1010 846 788 940 831 771 885 945 914 888 1018 844 806 829 795 971 855 937 
800 798 761 893 866 816 831 855 772 915 757 949 822 828 806 836 981 611 734 847 827 657 882 730 709 886 793 744 671 868 720 756 847 767 744 757 799 1002 743 958 
739 739 482 787 718 782 735 701 754 816 657 771 634 755 702 773 956 543 665 681 697 542 755 696 641 867 635 633 691 671 693 626 787 643 609 650 662 796 679 705 
808 863 653 826 800 747 668 793 816 873 694 901 755 783 847 689 960 673 755 833 821 680 932 682 685 878 848 877 724 837 811 755 870 810 641 684 710 900 831 884 
864 866 666 911 821 915 797 801 753 898 624 868 657 872 922 779 1019 809 844 826 865 713 900 779 786 917 812 938 789 751 873 771 945 799 817 688 765 880 767 896 
966 890 738 978 895 1107 787 962 848 960 661 970 882 949 989 922 1050 880 841 1035 1007 776 1032 951 716 1103 876 899 883 871 956 928 992 752 899 772 950 1036 863 966 
881 886 761 864 764 868 788 791 813 755 698 931 856 826 846 825 1064 806 774 938 938 641 1001 809 753 876 842 774 817 952 902 834 931 906 818 796 743 940 842 876 
840 801 774 865 772 844 814 789 752 841 734 898 840 856 841 799 983 635 728 806 800 678 921 754 803 819 683 775 675 872 766 775 879 744 796 740 752 851 828 899 
876 825 779 888 903 950 847 967 755 844 791 868 826 898 887 901 1074 757 761 956 1024 703 991 896 881 1001 800 823 713 977 874 892 1040 790 883 714 837 971 834 887 
888 892 756 882 821 929 870 823 844 924 689 929 830 923 1001 856 1011 792 710 1011 839 738 984 804 808 929 735 896 664 833 831 741 868 734 810 796 884 994 880 946 
852 919 612 905 718 887 809 753 883 819 723 855 703 864 878 920 988 836 667 881 732 675 800 787 803 889 794 809 774 775 852 749 911 699 729 852 766 1000 727 848 
1073 1089 868 970 942 1028 959 1062 943 1059 801 1173 959 1039 1115 932 1276 931 945 1140 1118 900 1210 935 1002 1115 993 1012 956 1084 916 1024 1128 1000 1077 876 947 1231 1065 1083 
921 846 685 857 835 892 790 924 886 919 772 1025 809 976 882 944 1026 862 696 919 907 609 963 801 787 942 888 807 769 869 873 877 910 675 761 819 755 1065 797 973 
803 870 768 884 774 984 793 893 823 929 777 986 908 926 1031 819 963 789 745 986 930 676 1128 799 802 959 792 928 758 950 907 881 931 830 827 790 803 965 855 978 
875 833 655 853 845 934 752 929 753 859 786 841 865 835 905 902 996 656 721 849 885 788 908 813 895 986 779 821 686 906 745 848 970 695 811 777 775 986 854 879 
852 868 769 831 766 777 777 755 814 867 769 926 793 842 883 805 994 662 804 863 914 680 959 693 847 804 890 864 796 1036 815 844 924 842 735 708 654 984 896 831 

