Matriz 1
0 9 6 5 1 0 7 0 0 0 4 2 6 1 7 6 7 4 8 6 3 9 6 4 0 1 7 4 8 0 1 6 5 4 4 6 9 0 7 3 
0 7 0 2 8 6 3 3 7 4 0 1 8 6 9 8 5 0 9 6 9 0 7 6 2 7 5 3 1 3 2 3 0 5 8 9 6 4 6 7 
3 3 5 4 0 1 2 3 0 3 2 9 6 3 4 6 8 6 8 4 0 4 9 6 7 1 9 1 5 0 6 9 8 0 7 9 9 2 2 4 
5 1 9 9 7 7 0 3 3 9 0 9 4 2 4 8 5 3 5 2 9 0 6 0 9 2 1 0 7 4 4 3 4 5 3 8 6 2 6 6 
5 6 4 4 3 4 4 8 4 2 2 2 3 7 0 6 4 5 2 1 1 7 3 7 3 8 4 1 8 8 4 7 8 8 6 2 6 6 0 0 
6 5 3 9 7 2 3 1 7 6 2 5 2 0 6 2 3 5 8 3 4 0 9 1 4 4 2 4 1 1 9 2 2 3 7 7 4 1 0 2 
4 2 5 3 5 8 9 1 2 4 5 1 3 6 7 2 6 0 3 4 7 7 7 0 7 9 1 5 6 2 2 0 2 6 4 9 7 2 7 4 
0 8 9 0 6 3 0 1 4 0 2 3 0 4 9 3 5 5 6 4 9 5 1 3 5 9 7 8 2 4 3 5 2 7 7 5 0 7 6 2 
6 1 6 1 4 1 9 9 0 2 9 5 7 5 3 7 9 5 2 5 9 7 9 0 7 1 0 0 1 5 4 8 5 3 4 7 1 2 4 3 
7 0 3 0 6 3 2 8 7 8 3 5 3 8 1 9 7 1 1 8 0 2 5 3 5 5 0 6 1 1 7 8 3 7 4 4 1 3 9 2 
2 6 4 8 6 4 5 9 3 2 8 8 4 1 9 0 5 8 8 8 9 1 7 2 4 2 5 6 3 5 3 8 4 9 6 3 2 1 9 3 
2 0 0 9 5 2 3 8 1 6 9 5 5 5 2 2 8 6 8 7 1 4 5 8 4 6 3 9 1 5 7 2 2 9 5 9 8 6 0 2 
8 0 4 4 8 3 1 6 7 9 1 0 5 7 3 1 4 7 7 6 4 4 8 2 7 9 3 2 9 4 3 6 1 8 8 7 7 0 5 2 
7 4 2 9 1 6 1 6 9 4 2 9 6 6 4 7 1 2 0 6 7 0 8 2 4 4 1 5 8 4 1 6 4 7 4 2 2 1 2 8 
5 4 0 7 4 3 4 1 4 0 8 4 9 0 3 2 5 7 0 6 0 4 2 0 8 0 4 6 4 7 9 9 7 1 5 4 8 5 5 0 
7 1 8 7 8 1 7 3 2 4 2 8 0 5 0 3 9 0 4 1 5 1 8 9 8 0 5 7 3 4 0 0 4 9 0 4 8 2 1 9 
8 6 0 2 5 7 8 1 0 6 5 3 7 2 1 2 2 7 1 6 2 8 2 7 3 8 6 6 8 6 1 3 8 8 3 0 1 9 1 0 
4 5 1 9 1 3 8 9 8 8 5 0 0 4 1 7 7 9 7 2 7 4 4 4 5 7 4 3 0 9 6 9 3 3 0 9 6 7 1 3 
7 4 1 7 9 7 5 0 7 8 3 1 7 4 4 1 2 5 7 7 3 1 2 0 8 1 2 5 5 0 9 6 1 6 8 4 9 6 0 5 
8 4 3 2 1 2 7 3 2 8 7 6 1 3 2 4 9 4 2 2 2 6 5 2 4 0 5 2 3 4 6 7 1 9 0 9 8 9 2 3 
4 9 6 3 9 5 0 4 8 8 7 6 0 3 8 8 4 7 3 2 1 4 5 6 4 5 9 9 8 1 3 3 2 2 4 5 5 1 0 7 
9 6 5 7 2 3 1 5 3 1 4 8 8 5 1 3 6 8 9 8 7 9 4 4 4 8 6 3 7 2 2 1 0 1 9 5 6 9 0 1 
3 8 5 3 1 3 5 3 9 9 9 7 0 8 4 9 8 8 0 2 3 8 4 8 1 4 1 8 2 5 8 8 4 6 4 8 7 8 2 5 
3 6 3 9 5 6 1 5 4 3 3 8 2 5 4 1 4 5 6 6 2 0 0 4 1 4 2 7 0 4 7 3 6 0 6 7 1 7 5 7 
0 2 6 9 4 5 0 4 1 3 3 9 2 8 9 5 9 1 0 9 6 0 3 8 9 5 8 8 4 0 4 4 8 5 0 6 9 8 3 1 
1 8 4 3 7 5 3 8 9 3 0 2 8 6 0 5 6 6 4 1 6 4 8 5 0 2 3 4 7 5 0 2 8 6 1 5 6 1 5 3 
0 1 2 6 0 0 8 8 4 2 6 4 8 8 7 1 8 2 2 3 6 4 7 4 0 6 5 0 0 6 1 6 4 5 3 0 3 5 8 3 
7 9 3 5 0 3 5 6 2 8 1 6 5 6 2 7 2 3 8 1 6 5 7 3 4 5 5 1 5 8 0 1 6 7 9 7 6 0 7 4 
0 0 5 7 2 1 5 4 3 0 5 1 4 0 7 5 8 4 9 7 0 6 7 9 6 6 8 8 0 8 5 1 2 8 0 7 7 9 5 6 
9 7 1 6 6 6 9 6 3 5 3 7 7 7 7 9 8 9 4 6 0 2 1 3 5 2 3 4 7 6 7 5 3 0 2 1 0 3 6 8 
0 5 3 6 2 8 9 0 0 5 0 6 3 5 1 8 7 6 6 4 9 0 8 6 4 3 1 8 2 8 0 6 3 9 9 8 9 2 5 9 
3 8 2 0 2 9 1 1 0 4 9 0 7 7 2 5 0 1 4 1 7 1 8 3 7 2 6 7 9 9 4 1 0 2 8 3 8 6 8 9 
3 6 6 5 0 0 2 1 6 9 3 4 8 0 3 6 3 9 5 8 3 4 0 0 3 3 3 9 9 9 0 3 9 7 3 4 6 4 6 7 
7 9 1 5 0 7 4 6 9 0 0 0 5 6 2 4 6 3 6 0 9 9 1 8 2 4 6 3 1 5 5 5 7 0 3 1 3 7 9 7 
7 8 9 4 3 6 3 3 5 7 8 5 3 8 0 8 2 0 9 3 8 4 6 3 3 3 1 4 5 8 3 5 4 8 4 0 5 6 4 6 
0 0 2 7 0 5 2 0 9 3 3 1 0 6 9 4 5 5 2 7 9 7 4 2 7 3 3 5 8 0 7 1 2 3 2 8 4 6 4 8 
6 5 0 5 7 7 4 8 0 4 4 9 9 3 8 8 4 6 9 6 3 2 7 8 5 3 9 4 9 6 8 5 0 1 9 9 5 1 5 1 
8 4 8 7 7 0 0 2 0 6 2 3 1 2 8 1 2 5 8 3 0 3 0 5 8 4 0 1 4 0 9 3 1 5 4 6 5 7 5 9 
7 8 1 1 7 2 4 2 7 6 9 9 3 1 2 6 4 9 0 5 3 7 7 5 9 9 5 5 7 1 0 3 8 4 6 7 2 9 4 6 
6 5 9 4 1 0 9 0 0 7 9 8 1 1 4 3 0 5 5 7 2 0 6 1 8 7 9 0 5 9 4 1 5 3 1 9 2 6 3 7 

Matriz 2
1 4 3 0 1 8 7 1 8 3 1 5 3 7 4 8 5 3 2 1 6 2 1 6 4 6 3 3 7 6 8 9 2 3 0 7 5 5 6 9 
4 9 1 8 5 2 2 9 7 1 3 9 3 7 1 1 6 5 2 8 2 5 5 4 0 2 8 4 1 2 2 8 3 9 1 7 1 3 0 1 
6 8 9 8 8 3 4 4 8 0 5 8 4 5 2 7 9 3 0 1 5 2 7 1 2 1 1 5 4 1 6 5 5 8 4 8 3 1 1 0 
6 4 3 6 2 6 6 0 3 1 8 9 3 6 7 9 2 4 5 4 9 9 5 9 1 9 3 5 5 1 2 9 6 1 7 2 0 4 4 5 
8 6 8 1 0 9 7 1 5 7 2 1 6 9 3 7 4 8 1 8 5 6 8 9 1 8 0 7 8 0 4 8 5 2 9 8 2 1 3 5 
1 0 8 2 7 3 2 3 1 5 0 8 1 4 2 3 9 9 5 5 5 8 1 6 9 6 9 4 6 7 3 4 0 0 8 1 7 3 3 6 
6 6 9 8 4 4 2 1 6 9 3 1 2 5 0 2 4 4 3 1 2 6 8 9 6 2 2 6 1 6 6 0 0 8 3 3 6 4 2 4 
5 1 3 7 2 8 3 2 7 0 1 0 7 7 8 1 1 6 5 4 7 9 6 7 4 8 4 7 2 3 9 0 0 8 1 6 0 3 0 3 
1 4 9 8 8 9 8 2 8 9 7 2 2 3 8 1 0 7 9 8 9 8 8 2 3 6 7 0 6 6 4 5 3 9 0 3 4 1 2 1 
4 0 0 5 7 2 1 9 3 1 7 5 9 7 1 1 9 3 3 8 3 4 0 4 3 9 2 3 4 5 2 4 1 4 7 6 7 8 6 5 
9 4 2 7 1 5 2 8 9 9 7 1 1 5 3 3 6 9 6 6 3 4 3 1 6 4 2 9 7 5 7 8 8 4 9 5 4 0 5 5 
7 7 6 5 6 8 3 9 9 8 9 3 7 5 0 6 2 0 5 6 0 6 5 6 4 5 2 8 6 5 0 7 8 3 6 8 5 3 4 5 
0 3 1 7 1 7 7 4 5 2 8 2 6 6 1 3 3 8 1 7 1 6 0 5 3 0 1 8 2 2 7 7 5 0 6 2 3 5 2 2 
1 0 9 1 3 6 2 4 4 7 3 9 0 3 8 2 1 5 1 3 4 8 8 7 8 6 6 9 3 4 3 2 1 7 5 3 4 0 5 8 
4 6 1 8 1 7 1 1 0 1 2 0 8 1 0 9 6 5 7 6 9 7 5 7 0 6 4 3 8 8 9 4 8 7 7 8 0 1 5 5 
2 3 7 3 6 7 2 4 4 0 0 2 3 7 7 7 4 8 9 2 4 4 4 0 5 2 8 7 2 3 9 1 1 0 2 8 5 6 3 1 
9 5 3 3 9 7 7 4 2 3 0 5 5 0 1 1 8 2 1 8 5 1 9 5 4 0 1 6 0 9 8 5 0 1 6 6 0 5 8 4 
0 3 1 2 7 4 6 6 9 2 0 8 1 3 6 6 4 0 0 8 6 7 6 3 4 3 9 6 9 1 6 3 0 0 8 0 5 0 3 9 
2 1 9 3 8 5 6 8 5 9 9 1 1 0 9 4 7 3 5 6 4 0 3 1 1 4 4 9 9 2 3 1 3 8 5 4 7 4 7 0 
8 2 0 0 4 2 8 8 2 2 4 9 3 3 8 2 0 2 8 4 5 2 2 7 1 3 8 9 5 5 0 5 2 5 1 5 8 6 1 6 
5 2 4 9 9 7 4 3 3 1 0 7 5 2 9 5 9 2 2 5 9 3 9 4 7 1 3 9 2 8 1 8 2 8 6 8 9 1 0 5 
2 8 7 5 0 5 9 3 8 8 6 2 9 8 2 0 2 3 7 3 3 0 4 8 7 1 6 4 8 9 8 8 0 1 1 9 4 1 5 7 
9 9 1 4 7 5 7 7 6 8 4 5 9 2 9 9 7 5 3 3 7 8 3 3 7 0 1 3 8 7 5 8 9 5 0 7 9 2 6 4 
9 6 6 7 6 5 5 6 3 8 3 1 6 7 2 7 9 9 6 3 3 6 5 4 7 4 2 5 2 4 7 1 0 4 6 1 7 1 1 6 
4 2 0 9 3 1 9 9 4 8 3 4 8 9 5 9 8 8 3 6 4 9 4 5 3 4 6 1 8 5 8 5 7 0 4 9 6 4 8 4 
6 2 8 8 5 3 1 3 6 1 0 1 0 1 7 4 5 0 1 1 6 2 4 9 1 3 5 1 2 8 2 6 0 2 7 7 9 4 9 8 
5 3 7 0 3 0 2 8 6 5 7 2 6 3 1 9 4 1 0 2 3 4 4 1 6 6 2 3 8 7 0 2 0 6 8 9 4 0 1 1 
1 2 0 4 3 4 0 0 1 5 9 4 1 6 9 1 8 5 0 1 5 1 1 9 4 7 1 0 9 9 7 2 6 6 1 7 4 5 4 3 
1 5 1 2 6 2 4 1 4 4 9 3 3 1 4 9 5 5 2 3 0 5 2 0 9 3 7 4 8 0 5 3 6 1 7 2 3 4 8 4 
2 0 6 4 4 1 7 2 4 5 2 1 7 3 6 7 6 2 5 1 2 1 1 5 9 1 0 1 1 6 5 8 4 0 8 2 5 1 9 4 
1 3 9 2 4 2 4 5 2 2 8 2 0 2 4 1 5 0 5 8 2 1 2 9 3 6 0 6 4 3 8 7 2 9 5 9 0 8 8 1 
2 4 6 4 1 2 5 5 2 1 4 9 2 4 8 7 5 5 4 6 1 8 4 0 0 6 4 3 4 3 5 7 2 4 5 7 4 7 1 7 
1 0 3 7 5 4 1 2 5 4 2 1 0 6 0 9 2 1 6 7 9 5 7 8 1 6 9 3 0 4 5 5 4 5 5 6 8 7 6 1 
2 2 8 2 6 0 2 3 5 2 5 7 4 3 3 1 5 7 0 6 9 3 7 0 9 4 5 1 9 4 1 3 1 5 2 4 2 5 6 3 
4 3 1 0 9 8 4 0 3 0 8 1 4 2 8 7 6 3 7 4 2 1 7 3 0 1 0 4 3 5 6 5 7 6 3 5 5 3 0 7 
2 1 5 7 6 3 2 7 0 6 5 1 9 5 3 2 5 9 3 2 2 3 7 5 5 2 6 3 2 7 7 4 9 4 0 3 5 0 1 3 
3 9 3 8 7 4 1 8 3 4 4 0 7 5 1 5 6 6 3 6 6 9 2 9 4 1 2 0 7 8 4 4 3 1 7 2 3 2 1 3 
6 7 8 0 5 5 5 2 3 9 7 8 7 8 4 6 8 1 5 6 3 0 5 2 3 3 7 1 3 5 1 2 9 0 0 4 9 5 4 5 
3 7 1 7 1 8 8 6 9 3 4 4 8 0 1 1 6 7 0 7 9 7 0 6 1 9 9 1 9 2 9 6 4 8 1 9 4 0 4 6 
8 3 2 8 8 3 6 9 6 9 6 1 7 7 0 0 0 9 2 6 8 1 2 8 0 7 6 0 2 9 5 4 9 2 2 3 1 8 9 3 

Resultado 2
672 791 666 835 782 731 699 795 779 674 780 612 761 659 597 765 834 766 570 775 747 738 724 766 608 561 710 743 846 792 854 784 603 723 698 899 675 507 590 627 
773 690 841 900 953 916 776 850 751 779 765 644 884 741 822 787 953 958 675 909 918 841 839 901 661 721 766 801 846 953 864 847 695 824 767 966 846 573 668 738 
724 739 729 824 895 788 769 945 802 767 846 625 847 761 687 941 891 763 653 862 730 844 771 815 629 654 699 797 858 854 918 833 705 689 784 972 786 615 690 697 
717 671 768 896 943 852 802 841 810 696 774 731 902 803 724 918 962 856 605 895 896 878 777 858 684 770 740 774 895 814 861 933 753 658 825 990 789 623 769 718 
618 651 874 761 811 747 710 667 834 690 691 662 693 791 752 842 841 739 634 768 757 796 805 806 758 657 744 703 757 785 845 801 499 645 760 861 770 576 705 755 
622 601 657 708 774 739 664 679 676 630 731 566 658 638 705 742 784 646 565 772 749 695 688 783 486 649 529 657 799 720 720 814 639 694 651 835 653 520 621 608 
717 689 767 897 825 790 716 734 767 785 704 634 815 714 680 730 940 860 550 763 867 783 770 952 737 657 726 698 885 959 886 856 666 708 734 948 807 519 758 778 
681 669 816 791 828 749 697 716 765 662 705 704 729 666 753 771 945 698 538 793 825 646 834 764 592 656 725 682 860 850 783 809 624 791 717 1019 764 471 645 708 
761 680 750 878 780 874 828 788 876 742 654 667 834 792 759 789 866 808 633 817 797 805 845 848 723 611 673 901 766 868 999 911 648 719 711 1016 790 568 691 775 
651 578 755 702 734 827 741 732 776 657 685 668 717 739 769 642 789 800 607 811 795 771 706 819 614 781 704 715 803 785 888 779 534 725 595 978 731 631 689 742 
860 772 787 969 906 948 877 894 969 787 879 814 884 785 887 924 1002 890 682 1014 1021 971 904 956 717 873 796 933 1066 917 950 1011 769 935 900 1100 835 607 743 853 
820 658 829 835 882 848 779 863 807 856 902 670 838 846 854 786 958 860 678 896 859 811 820 992 772 778 664 855 939 946 916 863 692 711 854 917 818 633 793 818 
694 666 805 832 915 870 883 821 883 749 818 727 865 764 919 884 951 876 604 898 925 905 814 905 745 790 764 774 1029 883 927 937 647 759 830 979 864 603 809 883 
662 612 688 829 842 832 743 719 813 682 766 740 738 762 816 824 762 836 649 798 877 884 724 821 694 761 760 720 826 830 779 882 687 683 689 876 755 627 701 744 
575 654 621 745 645 730 771 712 746 693 778 624 686 752 651 803 789 721 614 850 691 791 636 855 581 660 652 672 830 759 878 902 662 571 754 862 667 572 657 701 
819 700 772 828 861 763 727 777 795 854 728 622 831 824 621 815 886 824 484 736 842 772 801 862 730 694 553 675 825 862 789 774 653 651 716 882 714 550 726 653 
638 630 749 689 721 689 700 667 821 752 715 687 682 819 627 801 875 695 564 758 706 696 680 831 755 664 745 698 825 812 756 809 511 562 774 842 863 596 717 805 
744 656 934 961 940 839 816 865 872 820 748 756 817 864 916 820 973 828 721 906 915 889 889 932 768 792 810 800 828 964 942 890 580 772 822 956 876 644 773 810 
633 645 760 743 838 792 788 777 732 766 877 729 727 818 766 788 893 843 631 945 806 825 726 905 606 782 698 739 949 818 812 877 684 696 787 877 751 677 708 755 
684 701 781 742 791 697 692 824 779 775 748 676 822 779 590 698 889 740 561 807 706 709 730 757 736 642 652 670 815 876 822 801 599 632 668 896 715 583 702 710 
785 770 790 884 913 857 725 888 901 817 850 665 834 883 744 891 957 914 664 903 860 876 815 876 705 837 772 763 1002 920 928 879 715 768 865 1040 760 578 741 756 
770 776 830 804 932 929 885 844 938 806 887 779 830 829 880 908 942 737 680 853 805 770 838 902 736 652 776 918 941 917 858 950 687 698 806 979 900 575 714 870 
823 844 981 1002 1036 944 808 959 969 922 914 830 890 965 841 822 1060 942 798 1014 920 905 958 988 851 832 872 848 934 1073 1055 979 724 857 847 1082 896 691 821 895 
666 567 720 735 773 788 678 713 718 698 763 654 656 724 686 691 768 689 608 816 770 696 711 901 499 779 693 714 728 760 750 792 666 701 692 829 685 561 640 689 
846 730 807 903 881 836 714 865 737 774 800 794 858 845 737 957 983 833 658 894 929 935 878 988 721 817 787 809 905 956 848 855 726 729 880 1047 829 618 725 777 
619 666 764 852 861 831 740 718 846 724 681 646 759 747 715 728 812 844 549 845 856 865 804 812 735 661 755 732 782 768 831 798 548 717 710 825 731 500 623 643 
708 627 708 811 677 787 686 650 775 663 642 582 731 598 642 675 727 674 545 743 794 773 738 789 622 619 591 713 672 798 770 755 528 697 694 821 673 461 618 696 
675 680 775 909 937 848 759 861 923 733 797 666 885 794 766 852 931 834 636 826 862 839 786 873 757 712 780 776 853 890 886 894 648 790 750 974 857 585 742 763 
835 747 866 895 864 779 837 858 815 898 847 618 901 795 760 831 966 854 667 822 916 748 777 925 732 707 715 709 944 982 945 806 708 708 764 957 812 584 811 707 
737 717 808 848 832 935 873 836 929 805 787 757 793 875 741 862 885 872 687 951 846 914 785 1014 706 872 845 907 897 861 1032 911 651 734 864 1003 755 707 842 855 
793 710 826 935 1085 839 773 896 803 819 795 791 876 809 836 853 1055 933 631 878 914 872 864 946 805 702 776 788 865 1006 890 876 715 741 826 918 919 659 747 820 
665 663 658 810 850 735 720 846 788 804 814 646 814 752 729 796 992 915 554 801 748 769 596 795 771 662 709 680 876 878 862 853 756 669 777 887 807 532 740 717 
601 640 647 874 890 743 766 812 869 688 868 705 785 791 709 788 859 767 608 875 854 734 684 827 650 720 828 677 883 830 844 855 686 667 758 885 794 659 763 693 
627 680 854 880 820 871 821 723 862 780 694 682 737 776 723 719 856 784 650 852 887 776 775 901 668 743 824 707 746 895 893 849 506 778 677 925 777 558 671 734 
753 730 923 894 962 864 805 870 954 837 860 815 792 861 850 845 1013 891 686 887 892 805 799 830 799 763 784 844 909 891 866 956 696 819 797 1018 892 655 803 764 
633 609 694 805 828 733 730 715 665 752 748 660 741 657 720 700 793 760 633 795 858 731 741 831 659 681 787 649 848 890 803 766 664 665 662 851 716 520 709 698 
831 801 878 909 958 1007 907 979 931 867 964 703 990 890 898 1063 1085 992 786 982 851 1009 841 1020 842 862 796 1020 1077 963 1097 999 789 840 993 1120 908 660 802 901 
647 649 679 736 716 697 717 745 714 653 747 597 744 739 574 740 821 713 519 802 752 645 645 806 448 728 636 618 832 679 808 771 673 628 664 862 602 568 715 670 
861 826 794 948 943 928 876 947 1044 961 869 737 920 980 779 949 981 904 717 976 899 886 892 943 751 798 926 791 997 998 962 1002 815 717 806 1104 989 651 831 908 
781 661 752 853 826 643 708 912 880 811 798 632 805 770 616 878 879 694 575 736 732 702 702 800 658 672 696 715 821 835 770 850 750 696 768 941 846 562 779 687 

